1.5518 0.399002 0
1.82605 -1.50027 0
-0.605993 1.20417 0
1.28007 -0.271934 0
-0.316533 -0.200727 1
0.570785 -0.352915 1
0.45038 1.47544 0
-0.031093 1.18905 0
-1.80275 -0.638101 0
-0.115869 0.0231349 1
1.86874 1.21445 0
1.30721 0.285732 0
-0.0437205 1.66457 0
-1.50072 1.46677 0
1.52969 -1.41204 0
0.681748 -0.295476 1
0.51817 -0.547145 1
1.51252 -0.143037 0
1.62655 0.62513 0
0.201659 1.46065 0
-1.92504 0.203676 0
-0.0408072 1.53063 0
-1.58824 1.6665 0
0.631113 0.132732 1
1.80231 1.11531 0
-0.770268 -1.63033 0
-1.41568 -1.03101 0
-0.222928 1.02589 0
-1.03857 -1.60979 0
-0.556554 1.3345 0
-0.750299 0.41344 1
-0.821586 -0.551134 1
1.17911 1.61849 0
1.51123 -0.930667 0
0.777735 0.264924 1
0.36854 0.701117 1
0.038366 0.136036 1
1.85654 1.1769 0
1.90414 -0.934925 0
0.034328 -0.0991542 1
1.44404 1.42301 0
-1.37279 0.858071 0
-1.93468 -1.01042 0
-1.9299 0.445056 0
1.18502 -0.0754592 1
-1.28085 0.834473 0
-0.774052 0.382865 1
1.82601 1.67796 0
-1.30341 -1.88299 0
0.0460363 1.81986 0
-1.64677 -1.31411 0
-0.223821 -1.7458 0
-1.76671 -1.79023 0
-0.772518 -1.72137 0
0.211338 1.60196 0
0.382356 1.71843 0
0.495246 0.563411 1
1.23154 1.80749 0
-1.70608 -1.90078 0
-0.894827 -1.01685 0
-0.792793 -0.277911 1
0.49546 -1.80087 0
1.48238 1.7276 0
0.31533 -1.32849 0
-1.7677 0.8991 0
-1.33783 0.0941281 0
1.41177 0.731712 0
1.28316 0.702379 0
-0.491051 0.820894 0
-1.69206 -0.899833 0
0.546087 0.570115 1
-1.52434 1.02975 0
0.431831 -0.973555 0
0.900255 1.3553 0
1.60891 0.70551 0
-1.93402 0.108918 0
1.25455 1.03516 0
0.712998 0.734542 0
-0.714824 -1.09105 0
-1.13914 0.447046 0
-1.32611 -0.762092 0
0.539393 0.246768 1
-0.99579 -1.17462 0
-1.22221 -0.494328 0
-1.03764 -1.06773 0
-0.218513 -1.35833 0
-0.866331 -1.82341 0
-0.446218 1.25815 0
-1.15198 -0.385662 0
0.858155 -0.156041 1
0.0587602 -0.268511 1
0.544152 -1.13503 0
-1.20263 1.45593 0
1.86193 1.5549 0
-1.60959 -0.947192 0
1.26981 -1.78486 0
-0.560739 -0.162438 1
0.00822499 0.208654 1
-1.05926 -1.96718 0
1.79787 1.49195 0
-0.425286 0.873603 0
1.65889 0.443897 0
-0.876341 -0.640021 0
0.0908502 -0.543383 1
-0.450246 -1.94208 0
0.56507 -1.65156 0
-1.91703 -1.68799 0
0.13563 -1.19656 0
0.72513 -1.52575 0
-1.53699 -1.04236 0
0.11987 0.650014 1
-0.035836 0.725202 1
0.359036 0.457325 1
1.2693 1.83466 0
-1.11376 -1.10793 0
0.603585 0.737927 0
-0.574121 -0.843071 0
1.86071 0.0336681 0
1.32979 1.87359 0
1.54426 1.84888 0
0.726217 0.14857 1
0.786799 -0.655627 0
-1.47857 -1.74423 0
1.49007 -0.687719 0
0.0999709 -1.94909 0
-0.748182 0.439221 1
-1.73502 -0.477722 0
0.955916 1.50197 0
0.637107 -0.94864 0
0.315837 0.392073 1
1.78373 0.00817428 0
1.70345 1.84079 0
0.486961 1.30783 0
-1.49688 -1.9901 0
1.79794 -1.36582 0
1.05645 -0.738804 0
-0.800554 -0.614165 1
0.869156 1.5167 0
1.95193 1.27302 0
-1.1866 -0.667792 0
-0.511602 0.206715 1
0.0660715 1.35145 0
-0.181128 0.0537457 1
-1.22458 -1.02743 0
-1.11065 0.424127 0
0.059287 1.18961 0
1.60597 -1.58637 0
-0.166501 0.5804 1
0.991051 -1.28776 0
1.88674 0.770305 0
-1.79772 -1.66366 0
1.1098 0.444707 0
0.752103 1.1406 0
-1.78486 -1.29092 0
1.35586 0.968793 0
-0.176454 -0.535794 1
0.871056 -0.372931 1
1.43608 0.198515 0
-0.463466 1.6882 0
-0.647158 -0.515823 1
0.260432 -1.5986 0
0.658032 1.34707 0
1.43514 1.69449 0
0.389486 -0.0278348 1
1.38208 -0.52118 0
0.188706 -1.12131 0
-0.930537 -1.66752 0
0.134669 1.28849 0
-1.46664 -0.666054 0
-0.0347587 1.01379 0
-1.88808 -0.398159 0
1.15921 0.46772 0
-1.86935 -0.717798 0
0.878314 0.574584 0
-1.67685 -1.30813 0
0.852778 1.21241 0
0.618772 -0.483067 1
-0.950736 -1.29436 0
1.8707 1.8821 0
-1.6877 -0.289482 0
1.84178 -0.682914 0
0.857775 1.07291 0
1.83105 -0.221483 0
-1.92944 -0.0768318 0
1.54289 -0.368409 0
0.880849 0.00236934 1
1.31807 -0.390821 0
1.24183 0.149448 0
-1.88201 -0.936952 0
1.89214 1.74207 0
-0.549487 -0.818123 0
-1.53804 0.960226 0
1.8296 -1.78531 0
-0.316035 1.87877 0
1.76537 1.11043 0
-0.573573 1.00302 0
1.39482 0.431025 0
1.71261 1.91339 0
1.70395 -0.954945 0
-1.11961 -0.284812 1
-0.806977 -0.846013 0
1.43081 0.0968166 0
0.441549 -0.103769 1
0.590616 -1.35725 0
0.296125 1.43273 0
1.65962 -0.149517 0
0.601584 1.42031 0
-0.869916 1.84752 0
0.106163 1.56677 0
-1.53498 -0.556304 0
1.28919 -0.960942 0
-1.76838 0.795105 0
0.591993 0.428424 1
1.74316 1.07236 0
1.39909 1.39432 0
0.0179033 -1.8483 0
-0.0509955 0.702021 1
0.081112 -1.91858 0
1.29699 -1.10737 0
-0.409219 -1.92229 0
0.962692 0.0936819 1
-0.551528 1.79596 0
-0.256829 1.37389 0
0.263828 -0.108664 1
1.43903 1.50693 0
1.88845 -1.72638 0
1.32172 0.0417656 0
-1.85238 1.38541 0
1.77159 1.24579 0
1.6152 0.263629 0
-0.341868 -1.07737 0
-1.15179 -0.383933 0
-1.95264 -0.501653 0
1.78765 0.755227 0
-0.647261 -1.62639 0
-0.285184 -1.35822 0
0.0502739 1.67037 0
-0.281835 1.72134 0
0.826739 1.53933 0
-1.62611 -0.523351 0
-1.89643 0.579728 0
-0.612235 1.01048 0
1.1724 -1.83924 0
0.212037 1.43178 0
0.89889 0.088902 1
-0.122076 -0.186975 1
0.61832 -1.23144 0
-1.97858 -1.94598 0
-1.70759 0.444349 0
0.692178 -1.27485 0
0.365212 -1.95294 0
-1.80305 1.0311 0
0.504969 -1.59231 0
-0.0708994 -1.84305 0
1.31734 -0.965765 0
1.67526 -0.282135 0
0.245473 1.20526 0
-1.11852 0.67834 0
0.629037 1.82653 0
-1.76865 -1.65212 0
0.983728 0.388991 1
-1.12522 0.869465 0
-1.99449 -0.413344 0
-0.200546 -0.469606 1
0.930924 -0.107281 1
-0.978652 -1.66033 0
-1.65855 -1.09382 0
-1.83931 1.2924 0
-1.75695 1.8849 0
1.05496 1.80197 0
-0.449346 -1.04629 0
0.640516 1.71086 0
0.544505 0.459618 1
-0.476329 -1.56258 0
0.334325 0.343304 1
-1.61497 0.0903862 0
1.07625 0.774538 0
-1.64271 -0.743371 0
0.155281 -1.71314 0
-0.664058 -1.32345 0
0.604851 1.93567 0
0.18888 1.76318 0
0.829768 1.34778 0
0.199559 0.0555372 1
0.685752 -0.254697 1
-1.20186 -0.0535772 1
-0.0817978 -1.00749 0
-1.49367 -1.32428 0
1.95629 0.370844 0
-0.342227 -1.52123 0
-1.50939 -1.85983 0
1.28283 0.336892 0
-1.15923 0.058701 1
-1.19786 0.965278 0
1.86215 1.03946 0
-1.09076 -0.971661 0
1.38222 -0.791239 0
-1.89914 1.19094 0
-0.461498 0.0561345 1
1.41085 0.156695 0
-0.127811 1.44144 0
1.50836 -0.466217 0
1.88062 -0.667102 0
-0.266964 -1.01 0
-1.46775 -0.269373 0
1.97339 -1.94047 0
1.89272 -1.21222 0
0.475084 -0.945643 0
0.707711 0.24237 1
0.431238 1.28618 0
1.05698 0.545782 0
1.10861 -0.7452 0
1.86614 0.210366 0
0.664171 1.20469 0
0.282936 1.65261 0
-0.117413 -1.34785 0
-1.8496 -1.00404 0
0.80433 -1.13575 0
-1.1909 -0.201948 0
-1.58262 0.112752 0
-0.682273 1.42155 0
1.86631 -1.32117 0
1.2889 0.780707 0
-0.583718 -1.54177 0
1.60375 1.53284 0
-0.0649357 1.58368 0
-1.68755 1.5744 0
-1.02652 -0.722628 0
0.381952 1.13675 0
1.49802 -0.731159 0
-1.73968 -0.889258 0
-1.36638 -0.777311 0
0.446488 0.778129 0
0.898615 1.93861 0
0.654958 -1.72884 0
0.658353 -0.600955 1
1.32812 1.25998 0
1.0016 0.394329 1
1.06993 -0.914574 0
0.881656 0.362163 1
0.260028 -0.621886 1
-1.101 1.70988 0
1.17666 0.763016 0
1.08588 0.279809 1
-1.75754 0.232771 0
1.84865 -1.63265 0
0.653003 0.937079 0
-0.993245 -1.03132 0
-0.888041 0.295925 1
0.625563 1.44273 0
-1.55271 0.380085 0
-1.12387 -0.194813 1
1.60323 0.354605 0
0.0798404 1.27938 0
1.28631 -1.5461 0
-1.16306 -1.08161 0
0.0984899 1.51683 0
1.93289 -1.94056 0
-0.66508 -1.31399 0
1.61592 0.60868 0
-0.908666 0.658232 0
0.707089 1.78114 0
-1.44026 1.11756 0
1.51512 -0.404278 0
1.34909 -1.99621 0
-1.8276 0.372668 0
0.618808 -1.55228 0
0.0842111 0.484548 1
-1.66028 -1.01942 0
0.806507 0.0207764 1
1.99363 0.502799 0
-1.23874 -1.25131 0
1.69638 -0.956179 0
-1.49637 1.26501 0
0.599564 -1.8125 0
1.32054 1.56452 0
-1.67538 -0.130181 0
-0.869895 0.00622585 1
-1.74495 -0.170437 0
0.141585 0.990928 0
1.21449 -1.87403 0
0.513414 -1.69954 0
-0.840262 1.7079 0
-1.88539 -1.72599 0
-0.898318 1.96927 0
-0.93557 -0.342821 1
-0.0740008 -1.44162 0
0.423096 0.466014 1
0.828846 1.49127 0
-1.529 -0.466664 0
1.72798 -1.01982 0
1.49518 1.08356 0
0.590348 -0.481306 1
0.76425 -0.187572 1
1.77679 0.919567 0
0.0912982 -0.810133 1
-1.79924 -1.50446 0
-0.45268 0.280439 1
-0.400097 -0.213036 1
-0.203775 -1.92897 0
-1.8907 1.61368 0
-0.710583 -1.54186 0
-0.502353 -1.73308 0
1.10946 -0.413322 0
-1.91035 1.92553 0
-0.673504 1.62187 0
0.0687233 -1.49039 0
0.878775 1.31018 0
-0.633661 1.8637 0
-1.42697 1.44269 0
-1.15826 0.146434 1
0.997418 -1.2659 0
0.396286 -0.590994 1
0.937677 -1.60372 0
0.818889 1.45098 0
-0.913727 -1.89863 0
0.605713 0.0894623 1
0.0489899 1.94374 0
0.132637 1.97083 0
1.30811 0.833263 0
-1.90998 -1.94045 0
-0.864611 1.45613 0
0.0357374 1.0843 0
1.51175 0.0598504 0
0.61604 -1.2998 0
1.76718 1.95307 0
0.0894496 -1.80968 0
-0.420098 1.41933 0
-1.77684 1.49652 0
-0.343514 -0.051414 1
-1.31565 -1.38145 0
1.15492 0.0773899 1
0.301945 1.39155 0
0.824238 -1.95509 0
1.9227 -1.14959 0
-1.15707 1.82808 0
0.235669 -0.619077 1
1.18184 -1.61236 0
0.410749 1.27128 0
1.54719 0.172802 0
0.522559 -1.19547 0
0.93815 -1.30668 0
1.65408 0.427229 0
1.75745 1.43424 0
-1.24678 -1.39223 0
0.230891 0.283158 1
-0.481538 1.63921 0
-1.57703 -1.75299 0
-0.100028 -1.21356 0
-0.00519101 1.40427 0
-0.386797 -1.16886 0
1.46245 0.177251 0
-0.918164 -1.70444 0
0.317181 -0.907563 0
0.473746 -0.442598 1
1.0151 -1.2417 0
-0.699207 -0.105926 1
1.39457 -1.07192 0
-0.935531 1.46913 0
-1.78743 0.889869 0
-1.39783 -0.286526 0
-0.306993 -1.74015 0
1.39243 -0.162428 0
0.552744 1.3333 0
0.693924 -0.219911 1
-1.97298 0.817725 0
-1.08278 0.256697 1
-0.118534 1.9455 0
0.266558 -0.713006 1
1.0113 -0.889678 0
-1.0384 0.276189 1
-1.46018 -1.6705 0
1.08769 -0.897014 0
-1.29801 1.59878 0
0.472239 0.469797 1
1.40977 -0.260331 0
1.40196 1.82246 0
-0.767125 0.362097 1
1.24922 1.32296 0
0.392018 1.36465 0
-0.750595 -1.39856 0
-0.134918 -0.183439 1
1.15776 1.32754 0
-0.724239 1.52143 0
-1.97799 0.0913073 0
1.10716 -1.97538 0
-0.145183 1.80035 0
1.0106 1.82899 0
1.91061 -0.026481 0
-1.57436 1.22604 0
1.20811 1.19618 0
-1.93315 -1.90982 0
1.85111 -0.0855423 0
-1.44546 -0.553016 0
1.85434 -1.93525 0
1.87113 -0.604369 0
1.16094 -1.79847 0
-1.47452 0.390262 0
-1.7619 1.30512 0
-0.769977 -1.1264 0
0.263961 -1.11231 0
-0.721561 -1.71736 0
-1.00762 0.999909 0
0.205189 1.54493 0
-0.266111 1.96298 0
-1.92363 -0.0472068 0
1.66628 -1.13454 0
-0.920628 0.902332 0
-1.65668 -0.111598 0
-1.06474 -1.86396 0
0.574769 -1.7667 0
-0.146785 -1.88159 0
1.88755 -0.231664 0
1.89444 -0.150106 0
-0.0597655 1.48177 0
0.138823 0.197028 1
-0.740574 1.50459 0
0.1903 1.65673 0
1.51478 1.96596 0
-1.63334 -0.082221 0
0.583406 -1.53369 0
1.25968 1.728 0
-1.48305 -0.252287 0
0.898202 -0.916667 0
0.174064 0.526472 1
0.987818 -1.15339 0
1.98602 -0.193463 0
1.93751 -0.63516 0
0.666422 1.75708 0
0.728554 -1.16786 0
-0.448512 -0.083875 1
-1.93925 -0.0494966 0
1.87234 -1.35844 0
-0.636722 1.34595 0
0.1351 -0.999946 0
0.733313 0.237715 1
-1.25061 1.3543 0
-1.97206 -1.36902 0
-0.753016 -0.465823 1
0.360207 0.969245 0
-0.674537 -1.52632 0
-0.873994 -1.5362 0
0.307308 -0.55787 1
-1.78413 0.49918 0
1.50479 -1.56368 0
-0.141505 -1.55604 0
-0.1808 1.93426 0
-1.97436 -1.7156 0
1.38746 -0.893354 0
1.7403 -0.281613 0
0.238277 -0.130815 1
1.02169 1.23264 0
1.06727 -1.97258 0
1.4356 -0.66362 0
-1.97134 -1.52882 0
0.972064 0.198139 1
0.829135 -1.76687 0
-1.26682 1.65316 0
1.66489 -1.38468 0
0.982331 -0.298612 1
-0.750199 -0.0504421 1
-1.4041 0.547842 0
1.23358 0.396385 0
-0.204995 -0.14081 1
0.912278 1.06945 0
-0.0431717 1.69411 0
1.80847 -0.673559 0
1.86276 1.54681 0
1.27671 -1.01471 0
-1.70228 1.71979 0
-1.08339 -0.740322 0
0.647203 1.97389 0
1.70726 1.17684 0
-1.96604 -1.18609 0
0.183441 1.02234 0
0.395844 0.141088 1
0.736664 -0.107476 1
-1.65666 1.18775 0
-1.36134 -0.270769 0
-1.92454 0.0545049 0
-1.6428 -0.670183 0
-1.68588 1.76869 0
0.184534 0.897246 0
0.191158 0.11011 1
-1.54125 1.91172 0
0.15142 -0.396097 1
0.37279 1.7204 0
-1.10413 1.72059 0
0.49175 -0.427703 1
0.669096 -1.3272 0
1.90567 -0.750467 0
-1.90389 -0.957857 0
-0.985207 0.40607 1
-0.592551 -0.8444 0
0.171382 1.72399 0
-0.81458 0.568911 1
-1.00629 -1.39788 0
0.455621 -1.32257 0
-0.356328 0.931246 0
-0.41235 -1.60207 0
1.55102 -1.72453 0
0.420632 1.64542 0
-0.880322 0.224642 1
1.4683 -1.87239 0
-0.678479 1.62451 0
0.973371 1.51861 0
-1.46006 0.70798 0
0.772569 -0.362146 1
-1.34785 0.78469 0
1.01512 1.69847 0
-1.47118 -0.900084 0
0.174792 0.410243 1
1.59077 -1.1848 0
-1.25351 -0.299858 0
1.81315 0.91981 0
-0.425385 -1.4183 0
1.94116 0.446561 0
-0.216159 0.362467 1
-0.678474 1.89069 0
0.451065 -1.41475 0
0.617926 1.53377 0
-0.0432808 -0.922719 0
1.03614 -1.16614 0
-0.313536 0.0167857 1
-1.88232 -0.399335 0
-1.46707 1.36632 0
0.563504 -1.16643 0
0.397895 0.276594 1
0.129265 -1.5721 0
-0.643761 0.60658 1
-1.08983 -1.92084 0
-0.135274 -0.430024 1
0.138324 -0.671769 1
1.74504 1.30271 0
1.09376 -0.454154 0
-0.183522 -0.988953 0
0.338286 0.569048 1
1.98841 -0.972333 0
-1.01046 -0.445614 1
-1.85391 0.859217 0
-0.758093 0.343833 1
-0.11046 -1.99955 0
1.20689 1.25366 0
-0.460562 -1.67209 0
-0.90539 1.76029 0
1.04448 -0.757477 0
1.80986 0.199135 0
1.56273 0.94027 0
0.522819 -1.49548 0
0.407757 -1.64793 0
-1.65949 1.45407 0
0.425173 0.0666731 1
-0.192444 1.15692 0
-1.81561 0.157891 0
-0.127077 1.01936 0
0.935121 -1.93578 0
1.7556 -1.42301 0
-0.798609 -0.137521 1
-0.279066 0.901502 0
0.0936525 -0.651751 1
0.347495 0.340393 1
1.64985 0.756446 0
0.941435 -1.24245 0
-0.67965 0.76139 0
0.17384 -1.09653 0
-1.54775 1.18405 0
-0.0797541 -0.190684 1
-1.51821 1.76551 0
-1.87188 -0.0137569 0
-1.50227 0.162352 0
-1.90329 0.598368 0
-0.305911 -1.73266 0
0.906602 0.606889 0
1.60138 1.90404 0
0.277831 -0.842877 0
0.296542 -0.701405 1
-0.427276 -1.73333 0
-1.71801 0.466827 0
-1.98764 -1.69977 0
-1.55568 1.30647 0
1.77538 -0.0240222 0
1.31579 0.84972 0
0.139581 -0.00561773 1
-0.556204 -1.52922 0
-0.832311 -1.87165 0
-1.48781 -1.92066 0
-0.102723 -0.856385 0
0.254972 -0.75104 1
-1.8452 -0.329073 0
1.27076 -0.822967 0
-1.13218 -1.369 0
-0.48874 -0.739623 1
-1.69381 -0.413936 0
-0.783268 -1.62991 0
-1.4392 0.0866073 0
-1.04245 0.656608 0
0.60021 -0.60976 1
1.57608 -0.491717 0
0.57514 0.605493 1
1.3834 0.284394 0
-0.874628 -1.82707 0
-1.06103 1.36931 0
-1.94658 0.518346 0
1.92892 1.23321 0
-1.05484 -0.360625 1
-1.32592 1.38453 0
-1.46482 1.32139 0
-1.93339 -1.23044 0
1.54 -0.312354 0
1.49431 -0.710847 0
-0.663964 -1.99899 0
0.613384 0.195124 1
-0.427944 1.24183 0
-0.462187 -1.70168 0
1.2236 -1.75756 0
1.80265 -1.17369 0
0.675811 -1.62047 0
-0.183537 -0.366311 1
-1.56914 0.390923 0
-1.2529 -0.922424 0
-0.441039 0.233291 1
-1.00266 -1.42768 0
-1.05773 0.537319 0
1.54866 -1.45863 0
-1.09435 -1.28805 0
0.220814 0.662626 1
0.507162 0.729503 1
-1.13696 1.99245 0
-1.59419 -1.22057 0
-1.97765 1.34961 0
-1.02017 -0.935619 0
1.9016 -0.59539 0
-0.308514 1.84466 0
-0.586707 -1.02554 0
0.354962 -1.70548 0
0.654642 1.35306 0
1.04307 1.75804 0
1.7892 -0.0389519 0
-1.73821 0.587168 0
-0.454471 -1.41432 0
-0.564542 -1.02411 0
-0.427356 1.97461 0
0.699769 -1.79756 0
1.77612 -1.91836 0
-1.17404 1.64612 0
1.3605 1.9356 0
-0.556814 -0.888773 0
-1.70038 1.57618 0
-1.45687 -1.31548 0
-0.165665 -1.00578 0
0.811522 -1.04758 0
0.657784 -1.68494 0
0.217441 -0.647558 1
-0.194635 -0.081015 1
1.39709 -1.7671 0
0.845215 1.71293 0
1.90196 0.41329 0
-0.495801 1.82514 0
0.860837 -1.69745 0
1.91428 1.62452 0
-0.136956 1.63639 0
0.588464 0.766499 0
0.0518814 -0.609295 1
0.209856 -1.90204 0
-0.0217456 -0.766631 1
1.32994 -1.56306 0
0.475701 0.869007 0
1.92404 0.764756 0
-0.239359 0.753533 1
1.05603 1.07545 0
0.530634 -0.0900825 1
-0.91337 0.430818 1
-1.26443 0.0311082 0
0.158623 0.64124 1
-1.04828 -0.161272 1
1.15799 1.96842 0
1.22834 -1.03132 0
-1.15315 -1.577 0
-1.45447 1.73101 0
-1.93324 -1.73108 0
-0.422157 0.257533 1
-0.691732 -0.530641 1
1.56908 -1.81374 0
-1.16442 -0.198754 1
-0.626424 1.57697 0
0.0565194 0.574847 1
-1.9994 0.712521 0
-1.13629 1.23146 0
-0.479727 1.38119 0
1.9817 -0.971402 0
1.46929 -0.214627 0
-1.51354 1.59361 0
0.766583 -0.92638 0
-1.01711 -0.0693965 1
0.755801 -0.600928 1
1.60682 1.66256 0
-1.20889 -1.815 0
-1.94927 0.602965 0
-0.455142 1.80602 0
1.99568 1.46421 0
-1.9787 0.113043 0
0.281033 1.47127 0
1.50559 -0.854979 0
0.282686 0.269272 1
0.0675015 0.0477237 1
-0.461135 1.7639 0
1.79512 0.787436 0
-1.28931 0.951274 0
-0.0131213 1.89783 0
-0.6443 1.4746 0
1.72517 0.484509 0
1.40234 0.250083 0
0.548446 -0.649331 1
-0.869421 0.256611 1
-1.39888 1.77776 0
1.18831 -1.73277 0
1.25295 1.63833 0
1.81948 -0.736154 0
1.63743 1.63845 0
-0.0275749 0.429468 1
-0.931903 -0.849722 0
-0.964638 1.42773 0
-0.627076 0.931024 0
0.159589 1.19215 0
-0.32831 1.72341 0
-0.155275 1.25565 0
-1.84617 -1.95088 0
-0.151607 -1.08578 0
1.45242 1.2572 0
-1.46539 0.959773 0
1.0223 0.952022 0
0.290897 -0.378218 1
-0.40014 -1.75703 0
0.237463 1.57258 0
1.7422 -1.16707 0
-1.45204 -0.212861 0
0.322418 0.86249 0
1.53949 -0.321827 0
1.71401 -0.220335 0
-0.680732 -1.2142 0
-0.436017 -0.497012 1
0.0612774 0.486007 1
-1.82525 1.04208 0
1.60288 0.35363 0
-1.45302 -1.14847 0
-1.51203 0.196419 0
0.348735 1.89953 0
-1.85989 -0.848238 0
0.0516971 -1.82647 0
-1.36058 -1.04507 0
-1.89074 -0.374379 0
0.527121 1.457 0
-1.45143 -0.0536432 0
1.90901 0.164962 0
-0.769105 -1.32382 0
-1.57453 -1.96948 0
0.132479 1.71048 0
-0.236787 0.526353 1
-1.54326 -0.0193149 0
1.47972 0.377918 0
0.664738 1.81695 0
-0.0178357 1.88951 0
0.374324 1.09585 0
1.35088 0.898713 0
0.610828 -1.30843 0
-1.06516 0.862917 0
0.488484 0.984335 0
0.700247 -1.16626 0
-1.23124 1.30217 0
1.42066 -0.915696 0
-1.10093 1.3102 0
-1.99093 -0.546175 0
0.415047 -0.292642 1
-0.527273 -1.83673 0
-1.36418 1.39682 0
-0.204835 -0.406651 1
-1.64765 0.88089 0
-1.99393 -1.4739 0
1.97235 0.371701 0
-0.911542 -1.58235 0
1.92475 0.447745 0
-1.6924 -1.25905 0
-1.06439 -0.473241 0
-1.0469 -1.77698 0
-0.726249 -0.465936 1
0.102771 -0.625687 1
-1.25315 0.551284 0
0.394759 -1.89642 0
1.9402 -0.375332 0
-0.702722 1.02732 0
-0.925429 1.04894 0
-0.832759 1.47911 0
-1.62589 1.13823 0
1.48019 1.92313 0
-0.25058 1.62892 0
1.79366 0.763492 0
1.99665 1.37162 0
0.888489 -1.73581 0
-1.01432 -1.1347 0
1.54287 0.863044 0
0.165509 -1.46881 0
-1.22892 -1.44893 0
1.17338 1.54768 0
-1.84718 1.72978 0
0.726747 0.760571 0
1.95364 1.15178 0
-0.050354 1.89977 0
0.768302 -1.14574 0
0.793569 0.39035 1
-0.106053 0.633739 1
-1.47251 -1.178 0
1.8612 -0.631832 0
-0.0258554 0.0770096 1
-1.36919 -1.2824 0
-0.845354 -1.28244 0
-1.17275 -1.66318 0
-0.522113 1.06453 0
0.767597 0.185297 1
-0.905262 -0.909308 0
1.50401 -1.14305 0
1.36153 0.493573 0
1.99506 0.67196 0
-0.332544 -1.14043 0
-1.96927 -1.26477 0
0.633351 -1.50032 0
-1.35383 1.99432 0
-0.345927 1.20533 0
-1.72883 1.80829 0
-0.983967 -1.21694 0
-0.610901 1.51559 0
0.769064 -0.217555 1
1.44674 -0.624973 0
-1.1245 -1.60071 0
-0.597402 -0.980308 0
0.918194 -0.755282 0
-1.32236 -1.25287 0
-0.844685 -0.288651 1
-0.758423 -0.334813 1
-1.39208 0.295051 0
1.80573 -0.415982 0
0.113058 -0.24001 1
1.08866 0.812104 0
-0.859462 1.84596 0
-0.826393 -1.53652 0
-1.7627 -0.249145 0
0.200993 1.8623 0
0.123944 -1.61814 0
0.960015 -1.95055 0
0.930705 1.92302 0
1.09981 1.72684 0
0.344571 -0.757156 1
-0.777318 1.25352 0
0.376822 -1.2448 0
-1.58657 0.131385 0
-1.80362 0.303915 0
-1.0247 -1.053 0
1.46532 -1.71777 0
-0.727134 0.693413 0
-0.371467 1.40208 0
0.42625 0.0653429 1
-0.267825 1.23569 0
-0.227779 1.55249 0
0.968707 0.868077 0
0.932396 1.35713 0
-0.0213165 -1.2108 0
-1.75535 1.30777 0
0.998736 -0.351886 1
-1.72791 -1.43524 0
-1.43517 1.88015 0
0.967621 0.114296 1
1.30361 -0.244986 0
-1.48274 1.48432 0
-1.67007 0.396031 0
-0.600232 -1.98746 0
-1.81545 1.16706 0
-1.91464 0.137019 0
0.675303 -1.04503 0
0.164711 0.91309 0
1.32127 -0.203272 0
0.477504 -1.80493 0
0.55069 1.57661 0
1.73563 -0.868839 0
1.88822 -1.21959 0
-0.239828 -1.1602 0
0.918438 0.230639 1
-0.862442 -0.036681 1
-0.0260237 -1.90587 0
-0.976535 1.38995 0
-0.273808 -1.9332 0
-0.0272107 -1.47874 0
-0.0773986 -0.620834 1
0.849703 0.323391 1
0.501094 -0.928248 0
-0.31218 -0.114662 1
0.610268 1.86537 0
0.252001 -0.274377 1
1.3854 1.96425 0
-0.761149 0.613144 1
1.68997 -0.591039 0
0.593167 1.73341 0
