-3.73073803312 3.91193427832 1
0.0861582652922 -0.530640252278 0
2.83792848102 -3.85280870815 1
-1.36438650909 -3.7778369641 1
-1.0462796671 -1.07435183877 1
1.96006352777 3.62247873495 1
0.463228342255 -1.75292534951 1
-1.75068764232 0.646878765519 1
2.14709486283 2.82645719187 1
-1.06075317739 1.36630900348 1
-1.48658822732 -3.0873165732 1
-3.54744125304 1.25653691784 1
0.843518849845 1.00296452121 1
3.04277604204 2.95784237845 1
-1.34348019365 0.454837966596 0
-3.21479708369 -0.681349850166 1
2.84407691611 -0.60070277337 1
2.21234894611 3.12315063 1
-1.61288174674 -3.32565144805 1
-2.69620264333 2.78175749807 1
-3.42393154949 2.95756665717 1
1.80151020234 2.57213924937 1
2.67416931716 -2.07647170917 1
0.397522958026 -0.44592709685 0
-0.130970260966 0.81703360818 0
-1.44772902443 -2.42486078108 1
3.19928476096 3.54581492735 1
-2.41135173047 0.331021163343 1
0.534688742808 3.31870851636 1
1.47275619422 -3.1899060711 1
0.723398772107 -2.87347424937 1
2.29358414692 -2.1198339804 1
2.62238304237 -2.49970134708 1
-1.20918792727 -3.99844622041 1
2.29612329397 -1.30335291719 1
0.508616442322 0.53898411622 0
3.39475567802 0.917699196466 1
-3.03006827623 -1.40864627357 1
-2.21811470678 1.92326225477 1
0.886100567943 -3.44495267746 1
-3.83148475533 -1.99454926528 1
-2.38184100752 1.10178189416 1
0.878927023449 -0.582507197781 0
1.64998585649 2.26307915745 1
-3.95810957187 -0.303804044923 1
-0.148106831858 -2.38614548454 1
-0.0301297794311 0.350844048691 0
-3.30908760938 1.02070212098 1
-2.83272223736 2.26916423453 1
2.2221928498 1.21858720619 1
-0.365814042243 -3.46906511223 1
2.73316094841 0.528884054543 1
-1.71358174493 -2.67594709411 1
3.37130207051 1.63170003841 1
-1.80639140386 1.20143400747 1
2.18742997304 0.0844414874859 1
-1.18841794482 -0.721490070059 0
-1.87658252814 -1.15216131186 1
3.33086099662 -2.90666223247 1
0.587673124185 1.13674761639 1
2.88504285091 3.23916735264 1
1.45363495568 1.4284368481 1
1.2679646674 -3.99421063307 1
-3.38266237682 1.3782894533 1
0.928569305943 3.05030548435 1
-1.05704961116 3.92657010075 1
-3.00643505188 -0.0999575698096 1
-0.30937140765 -1.53785197117 1
1.29407366596 -3.33742477833 1
1.32596358138 -0.385246975412 0
0.94979631488 0.12683535824 0
-0.918135208056 0.603101806311 0
-2.65332625799 -0.127468366941 1
-2.92200879558 1.87662787174 1
3.43046854576 -3.45424732799 1
-1.98124408245 2.50905005445 1
3.06306889674 -1.8529288943 1
3.66305754902 -2.69280662908 1
-1.35497896699 0.586890399113 0
2.65277379206 -0.176899223139 1
2.86669173853 -2.13793796964 1
1.43742472838 -0.179502881433 0
2.13273178266 -2.74476135349 1
1.08378716671 2.2679868771 1
3.78678079313 3.01097482682 1
2.36663660114 -3.77434925584 1
-0.642994546061 2.91847045259 1
1.78880833244 -0.139832002343 0
2.78630436746 -0.320038663931 1
-1.61733372525 1.39715312102 1
1.76544040394 3.18546981557 1
0.472025464852 2.52626026657 1
-1.11481724889 -0.299941659137 0
-1.63342908474 3.45862428914 1
-2.90610383811 -3.88609428675 1
-2.63805853863 3.43867490336 1
2.95896836879 -1.93723758649 1
3.05820943583 0.229859295821 1
3.24063989708 3.53137970961 1
0.248899379961 0.488054634865 0
3.5582554454 3.15971593545 1
3.27621955505 1.69087166246 1
0.711078779522 -3.29373505211 1
-1.01636619439 -1.78058838911 1
-2.10609631295 -2.25524573092 1
-0.710405606385 3.95979101404 1
-3.28363643621 -3.99881234019 1
-3.55850292329 -3.5880717018 1
-0.58584782956 3.41545487228 1
-3.49323024884 0.512119347747 1
-0.274237367873 2.36295147252 1
3.57498707946 2.5085727651 1
1.36714430477 0.880070893968 1
-2.80621103838 -0.611790033107 1
1.82864598769 -1.90719576575 1
-0.948411485341 2.99794591855 1
-0.157530992079 -2.09956210231 1
-0.51259650467 1.61556973398 1
-0.704139475131 -0.888984505949 0
-0.733985954867 -1.19803581385 1
1.47766323946 -2.04187199207 1
3.23174838502 2.83227399284 1
1.71608852488 0.117213560364 0
0.0466702996207 2.62102495101 1
-1.19781879855 1.94038202536 1
0.135151100027 2.6678077426 1
2.71257124988 2.16617587551 1
-3.26350293884 0.573585818047 1
-0.0767080005947 -0.424724781538 0
3.68043001474 2.93056580256 1
0.449572464813 -1.1666427739 1
0.390661255796 2.6791515295 1
-1.02839936315 -1.62400890995 1
-3.80665538896 2.43141565565 1
2.54788472748 -0.749307358094 1
0.529585945855 1.01030903249 1
1.73392438292 -0.522210500997 1
3.20666236811 -3.05600526519 1
3.95287874515 0.0824475244229 1
0.691766980509 0.963451704523 1
-0.569619271435 3.81295854464 1
-0.536537364054 3.97701130349 1
1.69334066376 0.769163567903 1
3.56127445523 0.611159129573 1
2.32296166758 3.57894426718 1
2.52448103851 -2.25405825708 1
-0.81118171791 -3.43692464552 1
-2.88160977963 -1.81762304231 1
3.87356083414 3.15794021806 1
-1.29460410948 -2.80989519234 1
-0.550302271144 0.0573591501005 0
-1.90300900698 -1.39396360301 1
-0.488826888822 -3.66333921419 1
-1.66277086781 -2.47618014287 1
-2.65643361829 2.02836546721 1
-0.382826559732 3.96087147321 1
2.22753276154 -2.32047772722 1
-0.574783630452 -2.85988422901 1
2.02410247382 3.94091905276 1
0.00940106987076 3.4823388937 1
3.85870453809 2.85476039893 1
2.15034987396 -2.76645272535 1
3.56413905768 -3.34888209594 1
0.542630729278 1.96757185773 1
3.97067016654 -1.05424929884 1
-1.11661514415 -1.98411915688 1
0.511157779128 2.5077186711 1
3.25511111542 -0.387766991871 1
-2.02160009903 2.51124485885 1
2.62807191326 -2.3790615901 1
0.741093536982 1.11175336511 1
3.87367959441 0.187811784818 1
3.95416487747 -3.54140638111 1
1.48698248517 3.24020841294 1
1.83531976274 -2.38150208494 1
-1.21590775034 -3.66433696733 1
0.904102372397 2.4314805264 1
-1.24364285872 -1.47151227058 1
-3.59948690503 1.39104632139 1
3.62667461885 -1.15775749792 1
0.957886071191 2.47456150902 1
1.6022242417 0.868060280156 1
2.72994603492 3.29192177245 1
0.662905565319 -3.70612858838 1
0.896627878621 1.33062426833 1
0.0511594991592 2.35655863133 1
0.467532143397 3.32981741829 1
-0.800394188826 -1.03551234878 1
1.01775423309 2.19377046095 1
0.486576144893 1.38364293121 1
1.17261540787 3.38179458717 1
0.802322343269 2.18640248109 1
1.81942724609 1.30723294683 1
-1.37848928712 3.24549761643 1
0.45446027254 -1.44409847875 1
2.66757813696 2.10628749145 1
-2.77143274635 3.42031737894 1
2.32209148971 -2.25686391898 1
1.87540869621 -3.45035222191 1
-3.80618965326 1.9035886647 1
1.82241190457 -1.45524322196 1
-1.29502663109 -0.0229109638168 0
-2.41330321331 -0.991847423238 1
-1.23151240552 1.45357048596 1
2.47330999228 2.00564999031 1
3.40381708759 -1.78768856901 1
2.59844739641 3.23140094339 1
2.26723408117 2.85878299705 1
0.267852726102 -3.4125600361 1
-2.54903714491 1.30456299842 1
2.6692167347 0.828484043032 1
-3.22434522188 0.231366367892 1
-2.99095649025 2.09512577709 1
-0.514985126344 -0.315125845073 0
3.03116167444 2.8062227845 1
-0.00884261533662 2.95658181984 1
-2.49424605396 -2.41401515556 1
3.518658513 0.469382344263 1
-3.76457158624 -1.35097374681 1
-1.8667887291 -2.99068832722 1
-2.74604244246 -2.85930260327 1
-3.89850101397 -2.5771877005 1
0.506285935584 -2.07399496214 1
0.795342928302 -1.30818547628 1
-1.29104918822 -2.41020742475 1
-1.64274474366 -1.24427811116 1
3.55142089876 -1.17922764218 1
0.937397833559 -1.69544392031 1
-1.24867537835 0.910862094811 1
-0.232725391916 -1.76260927528 1
-1.56347754075 1.71334608879 1
-3.88322546299 -0.840060198431 1
-2.82336664618 -0.560592122472 1
-0.0997034385149 -2.62619306493 1
0.561835226562 -2.87221553177 1
0.314071293508 -2.65334638225 1
-3.72381976328 1.80250375823 1
-3.83364716556 0.276167825833 1
1.16790226548 0.401839686122 0
3.05471393137 2.21855502618 1
-0.381638050178 1.65543485448 1
-3.49610820875 2.97956586395 1
0.859944666815 -3.9707057071 1
0.0416797433149 -3.08316036517 1
1.44366493172 1.22464772353 1
0.205888737913 0.955053177789 0
-1.79545665935 -2.97198275567 1
-0.0458721434785 -3.46764977347 1
-0.967809180393 3.71681080807 1
-2.01714101334 -0.582862408379 1
3.06657269361 -1.11944901589 1
-1.6543827726 0.208860672495 0
3.2488039398 -0.737790857194 1
1.09974969715 3.27027321269 1
3.19891187213 3.56743499452 1
0.0590529775028 2.32107922246 1
-0.6252455202 2.99141766337 1
1.49739954895 0.882296857378 1
2.49551317636 -3.48480757238 1
2.88693046201 3.34313912876 1
1.98212474752 -3.26460020889 1
0.737342346073 -1.83674555796 1
-2.53586649316 -3.57288482188 1
-3.29668298339 -0.974624198555 1
-1.38964593339 2.17198333123 1
-1.76769013321 1.72314352704 1
-2.6619866351 3.16755965951 1
-1.95548200191 -2.49465824546 1
-0.0719566006355 0.666697761667 0
-2.22327572929 -0.0301368877872 1
0.55357796363 -0.263882412655 0
-1.91961105672 -0.13360118629 0
-1.03148825719 3.51020513177 1
-0.822894894794 1.6975326473 1
3.89724433681 -1.51851651145 1
-3.91516924746 3.47624856159 1
-3.27282168948 -0.459846321997 1
-2.92679556114 -1.24067063323 1
0.338700202573 0.0717455138579 0
-1.91716401283 -3.37859553911 1
0.741888371744 -2.77530824637 1
3.50218455915 0.904869879984 1
-0.0954173443468 -1.55295669012 1
0.876024925857 0.0433858798908 0
3.13191041627 1.2721580446 1
1.45006833632 0.19204284498 0
-3.57186701645 2.17162764288 1
-1.5126156642 3.29242425973 1
-2.40955906692 2.4532301974 1
1.79604090957 -2.66059097992 1
-1.47217934014 -3.10041628374 1
3.60845990358 -0.147283478818 1
0.376405123861 -2.52768846909 1
1.32363800661 1.0374924969 1
3.82631095814 -2.16839903018 1
2.7159579397 -3.89764425793 1
0.947179136931 -3.51687791347 1
0.881153881086 1.04880756221 1
-2.00255708959 0.960397863979 1
2.36615873398 3.76565477631 1
1.03963036545 1.87755846511 1
0.965952359141 -2.65977743323 1
-2.06278548468 -2.11878472569 1
-1.55578620882 1.79080991796 1
-0.383218957207 -0.87400156548 0
1.50153448124 3.27590140724 1
-1.83019018029 3.79071095583 1
-1.87014007673 2.12301631707 1
3.84110988524 -3.49605103259 1
2.5818988779 1.20064346278 1
-0.421367506809 -1.65543569382 1
-3.84209582787 1.30575029468 1
-3.20443323839 -3.44600202372 1
-3.21631304507 1.44527497246 1
-0.50842175429 2.37809841263 1
-1.59587011204 1.64216948411 1
0.425756767018 -3.76247113937 1
-2.53532486379 -2.04182458008 1
-0.842693956109 -2.75553079799 1
-3.54838831572 0.000871535715139 1
-2.27949995976 -0.26216573766 1
0.0696158237941 0.425090731687 0
1.36609862918 -1.01101588467 1
1.23816140381 -2.51220447635 1
3.1683598889 -2.58128012842 1
-2.92901471592 1.19707219159 1
0.742590272062 -0.343825817256 0
1.09756572316 -2.40401136027 1
-0.796004387954 2.97965139751 1
2.89598908048 -2.11117752954 1
-0.169716188708 -1.74702768893 1
1.90767152663 1.31110324515 1
2.89415869458 -3.24188871601 1
-2.40133808573 -2.60934336698 1
-1.49284100738 3.2541179706 1
-0.791977730812 -2.33046197199 1
2.48534405534 -2.09868550735 1
-3.48959479146 -0.506091045321 1
1.61073321484 -3.88638918733 1
2.70261681609 2.51652555602 1
-3.14175820511 -2.88780102181 1
1.30664979677 -2.53865140728 1
-0.924713965223 1.62801494591 1
-3.85794683233 -3.00542677128 1
-2.16891121104 1.28543065467 1
-0.201742841302 1.64531219792 1
-1.39611419583 1.89245562928 1
-1.45511163814 2.4134135646 1
0.863994266266 0.986040324154 1
0.79235637262 1.75144670922 1
3.21094455177 2.49271624262 1
0.746880415649 -1.9224816423 1
-3.91258371693 3.93085813117 1
-2.16017143434 -0.798940590019 1
-1.72800485509 3.66949097994 1
2.4010625426 -3.22875834726 1
-2.97270190771 2.1569555397 1
-2.87564647034 -3.88416545019 1
1.17957436955 2.26679190415 1
2.80843834094 1.91179960411 1
1.52362982015 1.64387422914 1
-2.06979424383 -3.16733542447 1
-3.7744807804 -3.04040216318 1
3.18043736072 3.1174941062 1
-1.18084429225 3.10666597875 1
-2.81736391685 -2.86772326562 1
-1.32307609581 1.60372675072 1
3.36455558578 -2.21453526854 1
3.88385537667 3.62222342757 1
3.21789679449 2.60849375856 1
3.1740122508 1.87670802378 1
-0.0379733652486 3.73150166841 1
-2.85862491336 -0.495895408837 1
-1.80984987333 -0.444068984511 1
-3.11457254807 -1.63226728562 1
2.42888636608 -1.74797241115 1
-0.0664760286259 -2.39709755386 1
2.95749228903 -0.772481816349 1
-1.32493595612 -3.97067922725 1
-3.23209748712 2.91976152459 1
0.489724747282 3.86442474506 1
-2.91567241215 3.68501009073 1
-1.49765580458 3.07702104331 1
2.50366823574 -3.0986715325 1
-3.77125476454 3.60724364552 1
-2.89568053225 -0.336268475393 1
-1.55714536282 0.393585241972 0
1.85548939739 0.283082468555 0
1.57233677814 2.92088625045 1
-0.961001855405 -2.72051035884 1
3.54442697071 -1.69912217488 1
1.13084476621 3.59433567079 1
0.891013002246 -2.11605213605 1
3.4221551451 -0.123325689046 1
-1.087794161 -3.84319286301 1
2.58006885967 -0.325943306861 1
-0.532395053297 -0.07741704638 0
-1.72007113676 1.87840543295 1
2.75617825732 2.87402490087 1
-3.33336578692 3.78374008512 1
-1.32659179859 -0.508939994331 0
1.1515607675 -2.15595603656 1
1.00083175133 0.839516740322 0
-1.91745529696 0.531906024104 1
-0.30748725019 0.197894439089 0
2.14868920989 2.00110230018 1
0.331524267296 -2.83248436783 1
-1.50565154787 -2.63803386785 1
0.0706300932333 1.97385260413 1
-3.61823013599 -1.26160129664 1
-1.29852540523 -2.30353231328 1
1.94441192179 0.68443601989 1
3.24045605873 0.183460946984 1
3.2537235251 3.96068096771 1
2.63776748799 -0.430384381312 1
-1.43051090584 -3.77822603197 1
1.01112021741 0.395053790023 0
-3.99190564807 -0.0970795348407 1
-0.227292389819 2.84680147925 1
3.45175759536 -2.26362450243 1
0.0552809624243 -1.68752688468 1
-3.55156492232 -2.50895468138 1
-2.90563752776 -1.94824027913 1
-1.85032823487 -3.21849118246 1
1.26359645558 1.66007478749 1
3.16209524912 2.91418006464 1
1.13531064628 -0.415087666217 0
3.75664938319 -0.63641533172 1
-2.770745463 -0.189086312329 1
0.759565653303 -3.74183770248 1
2.23118876331 0.89064332503 1
-1.94199228932 3.98477640648 1
0.681626483856 1.96984790128 1
2.5058365194 2.03041156282 1
0.515012993568 0.946760569558 0
-3.6178936774 -2.47520021752 1
2.04377710053 2.11627979822 1
3.533149231 -1.48787488996 1
-1.22150068089 -1.7244747863 1
2.795815673 -1.83666813084 1
2.9960878714 -1.7577610869 1
-0.529408387057 -3.88567844901 1
1.43313324014 3.99221599024 1
0.239684854938 1.38229661838 1
0.32421177112 2.97330615916 1
-2.43726056048 2.16576173791 1
-0.873650748114 2.57215004222 1
2.56438636034 3.7649350719 1
-2.29924907927 -0.0426331429994 1
-2.7312882429 -3.48747118453 1
-2.60951294731 2.35701490988 1
-1.72861450282 -1.70685876563 1
-0.809649399089 -0.0906043290685 0
-1.1543278477 -0.286159266843 0
-1.52309079333 3.24547350384 1
-0.0539683001833 2.97463341045 1
-2.00089798775 -1.92089795574 1
1.67127251973 0.213565356009 0
-3.89908781115 -3.34690490919 1
-3.44847173557 -2.91710799371 1
-0.715032966952 -3.87040979588 1
-1.39241200589 0.839221179811 1
3.12402646018 -0.95691757602 1
0.789275181248 2.10482320022 1
3.97267864555 2.62155816682 1
1.31941956064 -0.406693899809 0
0.919901068633 1.04916108279 1
3.32083096422 -2.49904148518 1
-1.98627343847 3.94239148874 1
-1.84317859679 2.00696585641 1
0.182038787927 1.96650406497 1
2.67325150408 -1.55562970316 1
3.75407217862 -0.0753869645694 1
-1.90224898729 -2.46112217117 1
0.162888969244 -1.77769151777 1
-0.208236108886 -2.1061084776 1
1.04715822912 -2.95670553003 1
-0.626722916143 3.40901227306 1
1.17187708069 1.89678130575 1
-0.00853914141775 -0.973905099795 0
-2.39119059744 -0.604084825275 1
0.428441962592 0.66767082802 0
3.20280415252 1.07502351928 1
0.108243824734 3.54378056297 1
-1.68177350061 -2.02859855106 1
3.53889316889 -3.28584926871 1
2.87991333998 -1.93796315252 1
3.89440874707 1.39796188771 1
-0.993405517073 -2.87337124209 1
-0.525229716838 -1.92050980705 1
-2.8527292725 -0.831479048937 1
1.97635975272 -0.310177298576 1
2.2022334672 0.414260298607 1
-0.550506451892 0.855618104151 0
3.34281357208 2.24991361846 1
0.540232666403 2.90750710599 1
-1.79110278521 2.55060961806 1
2.09801338008 1.82590026365 1
3.50200664141 3.70827298587 1
2.65510618608 -2.8659278859 1
2.08627862464 0.407304108543 1
2.41628840311 -3.70450207031 1
0.453553837078 3.15835376641 1
3.42036688437 0.442447243154 1
2.41636207763 -1.13036408763 1
-0.506322680395 3.88392213986 1
-1.23358649737 2.15197089938 1
2.39900388872 2.23806357788 1
-2.33245562884 -3.75761094098 1
3.88273187978 -1.03366057178 1
3.56608248191 -3.1421755435 1
3.25935443891 -3.2016707179 1
-0.638517632577 -1.30553030357 1
-3.57687020744 2.60888269138 1
1.13666662322 3.45709724526 1
2.60256938815 0.888799533169 1
2.8075916805 0.281409093651 1
-0.369852786694 -3.95129001511 1
3.40054918465 -0.200873421054 1
3.50522546823 -2.92081178117 1
-0.101032913304 2.74430190525 1
1.56137043793 -0.149445292677 0
-2.22930750206 -0.299260865702 1
2.11912124879 -3.37338575533 1
-2.96400423499 0.643436285677 1
2.6867931502 1.59076519729 1
-2.12055923536 1.35573985992 1
-0.311447305855 1.67814558409 1
-3.14077376087 -2.44035168375 1
1.7821551672 -2.58885832888 1
-0.592732185852 2.61126511476 1
3.05204304206 -3.66670591067 1
-3.05790256197 -3.26072543903 1
3.6657988523 -1.66187896934 1
-0.922457296119 -1.71962126677 1
1.77225078044 2.37875452591 1
0.0647321428938 -2.65784305984 1
1.19485542676 -2.5236130847 1
0.301022986385 -3.49987534485 1
-1.71375456679 -0.844894216981 1
-3.63989913725 -3.74601069531 1
1.14330960769 2.70548028427 1
-2.27444970188 -2.34957663106 1
1.87859719244 -2.62348249253 1
-0.97102329772 -3.99569765351 1
1.85068405136 -3.12115613349 1
-0.152446394469 -2.99433900852 1
-0.835584737892 3.50999458915 1
0.854079503968 2.73555446929 1
3.4397076554 2.13534771164 1
-3.28210274728 3.82105715052 1
2.39748058131 0.69988261595 1
1.91966901355 -3.74239674668 1
3.23297814667 -2.80722392784 1
-2.20115731892 -1.40258764227 1
0.452735889792 0.84115995351 0
2.26860849061 2.81991859268 1
-0.478868311738 1.2078073598 1
-2.1502642861 -0.542207027702 1
3.330836714 -0.0775281881 1
2.19361494496 -0.418823694435 1
-0.340434402643 3.73436318406 1
2.42685769214 1.47115942168 1
0.86944334275 3.4459456062 1
2.89397532323 3.56049528015 1
3.90512177355 -2.28389697107 1
2.08196295323 -3.10832566045 1
-2.75499763808 1.23529677727 1
0.73801692607 -1.0245328673 1
1.42065474744 1.64453590155 1
-0.0480506412022 3.38314128312 1
-3.30327808611 3.18150406962 1
-1.43302843636 2.27324266794 1
1.66945459794 -0.706344328139 1
-0.212286370686 1.76230618804 1
0.786570603313 3.05777647185 1
-1.64866641129 0.387143793189 0
-0.853943102656 2.62228338072 1
2.86513125487 0.727238842987 1
0.474919805851 3.64586398512 1
-1.22852827002 -2.23052988304 1
-3.28225325188 -0.261799364025 1
-3.65263303551 -1.87779958249 1
3.50132830815 -3.67481435743 1
1.03521180101 1.79400207426 1
-1.56996843229 2.89420335614 1
1.02484376394 0.866977067459 1
-1.42023967442 -1.94643616329 1
0.0747638814944 -2.62791652528 1
2.40050375076 -1.79238591002 1
3.18138343737 1.32009194317 1
-3.31568676655 -2.40615065793 1
0.308810305493 3.1547387302 1
3.0495723638 2.39393876901 1
0.305196811697 1.50515807166 1
-3.65992111637 3.08747865722 1
-3.91585293767 0.460035055519 1
3.18880625752 2.57232880921 1
3.43966088943 -3.5923700727 1
2.37863384773 2.54098241094 1
0.08815352625 3.47286106841 1
2.47446606904 1.75947066422 1
1.68935034924 -1.26737727631 1
-3.76969364521 2.65916904718 1
2.83364008092 -0.717565927184 1
-1.25369117521 0.905178037049 1
3.16079795385 3.62086596602 1
-3.77461566438 -1.45968993822 1
2.09634393655 -3.7990503529 1
-0.775871072315 -0.810387499196 0
2.38771996142 3.30466939862 1
-3.66809126504 -0.601602410691 1
-2.64648960257 0.14745680628 1
3.17921940558 2.80095367696 1
3.0522174175 -1.27549020006 1
0.233919185022 -0.160275053149 0
-1.4998647068 0.526923834053 0
3.0055301853 -0.55963757314 1
-2.73734695862 -2.87520462841 1
-2.49239786118 -2.20477575069 1
-2.78694892919 -0.740455243385 1
2.57575334689 -3.46873723765 1
-3.66891240485 -0.716575375465 1
-0.460334893029 -3.15839307766 1
-3.33812300031 -3.51401767742 1
-2.60995387923 2.9579664664 1
1.4782649591 2.06217122329 1
-2.85879630782 3.09191114016 1
-2.5575256298 -1.45890180371 1
0.472729872002 -0.59279512253 0
2.19213170359 3.54012571597 1
0.757227086695 -0.918827345761 0
-2.89106060748 -0.739655149997 1
1.86572976631 -2.31141673641 1
-3.22145574778 0.0283148810527 1
-3.47684748407 1.12285734959 1
3.53785642893 -2.56468435651 1
-1.39869058823 -2.30801984641 1
3.55247015565 -2.70457568746 1
-2.20969967987 0.4793770498 1
0.270951931634 0.130192517475 0
1.77948469995 3.13663331443 1
-1.34671595534 2.12220255745 1
-0.179762872226 -2.04581909355 1
-1.44758618551 -1.62719897715 1
-0.0083603146241 1.26213912742 1
-0.782187791833 0.162841080068 0
-0.853506757753 2.71828111233 1
0.273536943232 2.2041393665 1
1.57258474802 -1.41241540245 1
0.601857423601 -0.492546547762 0
-1.90865962786 -0.717720683287 1
2.79381706187 1.38245828759 1
0.439490184855 0.18868776825 0
-0.479937799243 -2.18234456566 1
-1.70939835654 3.82288300122 1
-2.32411577855 1.04503449046 1
-0.224401622899 -3.59894857453 1
0.473167738797 -0.685267899692 0
-2.75273491794 1.86675289675 1
0.830514708235 1.99029132803 1
-2.40607491376 0.313609187749 1
-0.618374192915 0.299448298373 0
3.36353371323 -2.28560441162 1
-0.664977735 -3.84765985029 1
-3.82928324058 2.2855528861 1
-0.25853958765 1.98238668743 1
-2.93570853974 3.94990526948 1
-3.04581130314 2.97292816578 1
-2.08975178087 0.48495013421 1
-0.07094109769 1.39374176879 1
1.92267751315 -0.372450529701 1
-1.52419444018 -1.95431103957 1
-0.236861728126 -0.789403523163 0
-1.60371036695 0.587464653513 0
-2.76501581892 -1.00770688193 1
-3.67472311151 2.18258528472 1
-0.815131728139 3.37862714457 1
0.249536133906 2.06208161526 1
-0.867656967369 -1.81936828168 1
2.97605964897 -1.50002449497 1
1.90169426348 2.21633688723 1
0.411909628782 0.899779310018 0
-1.79761877016 -2.88457010468 1
3.78098141263 1.52472721889 1
3.22158460329 3.59458292463 1
1.05602015777 -0.0835175886278 0
1.2505382148 1.3609417293 1
3.14561723351 0.134853500479 1
-3.12264907635 -1.96827802672 1
0.574119719075 2.0588258244 1
2.54007088363 0.647312865092 1
-0.519210364839 2.66762760993 1
-1.34558831182 2.49304711403 1
-1.04515630451 3.74165737486 1
3.77527759589 -0.675988331417 1
1.64301213673 2.59284130236 1
2.23080464157 1.47885478963 1
2.80559404434 -0.304165900673 1
-0.570753923385 1.44170039513 1
0.803148305259 -2.19428777374 1
2.13334260121 3.21856944349 1
3.32129410463 -0.635145860955 1
-3.1036407634 3.94011014816 1
-0.414355564328 -1.70987287104 1
-0.194678284484 -3.11968378281 1
-2.86119837518 -2.44613541918 1
1.40350459799 -1.59906140096 1
3.62356454712 0.568647465583 1
2.69854992171 -2.49780288607 1
2.1461876862 -0.425656791978 1
0.31622537331 -0.87061985612 0
-1.8978696692 -2.09200871004 1
2.25441504636 -3.86133367719 1
1.17187092265 3.5541192774 1
1.94648659708 3.7259691357 1
1.6193935467 3.91934787822 1
3.21736433523 1.05075221011 1
1.90225370092 -2.64191145455 1
1.450009356 1.35857081616 1
-1.9325278323 2.12072303841 1
-2.07490842295 0.29442867564 1
2.39490882825 -2.58090508934 1
-0.821142807156 2.9201665513 1
3.07579906487 3.49318451389 1
-2.26341551115 -3.89211441016 1
2.82414850776 3.65127079585 1
-1.52930879752 1.55387425276 1
0.722721930556 1.13938168782 1
0.702088889324 -1.72560386602 1
-0.418696809497 -2.22944751421 1
0.225955149372 -3.29002597077 1
-2.19727482282 0.115796861303 1
-2.97426685672 3.1142736001 1
3.28201976645 -2.47961474519 1
1.13472361326 3.63274419205 1
2.22621500335 -3.57399136513 1
-3.42199067947 3.49779276558 1
-1.0905304132 3.2017466375 1
-1.12239816423 3.4367943095 1
-1.45923782342 -1.92056536654 1
-0.851638708831 2.10456059601 1
-3.37501189525 -3.58859902857 1
2.76827536175 -1.94342602222 1
3.42261187702 -1.07038547181 1
3.63587113036 -2.49269167092 1
1.08244756263 1.97598353865 1
-0.445887782754 2.94688154294 1
-1.99814179758 -3.53997191792 1
-3.81901580069 -1.6508552617 1
0.864670165838 -2.54972051698 1
2.72346260983 0.306838997727 1
2.99965721231 1.85123956762 1
-1.9792996715 -0.711502792986 1
2.9151970641 -0.264480064251 1
3.29155965482 2.53615020318 1
0.0238972264491 -3.47069908919 1
-1.85295477031 -1.99316119218 1
-2.75528624372 -2.12512069221 1
1.42415336046 2.96027969496 1
-1.86316933828 -1.70778933317 1
2.20166217914 -0.819851218674 1
-1.29946855528 2.79001496296 1
0.501137420902 0.628537361734 0
3.01975955969 1.09048728921 1
-3.48293675341 0.127575862415 1
3.57302525104 0.325102274228 1
3.52144638468 3.04652011945 1
-0.0881378803159 -0.256061484259 0
0.074672476901 1.48681765375 1
1.3207025808 1.86686114459 1
3.40805586773 1.09072657645 1
-1.34991882387 -0.660179887494 0
-1.01579269774 2.48899750508 1
-2.02662089793 3.29228519955 1
0.310476613755 3.20910376409 1
-1.96697943729 1.52358328243 1
0.606675453633 -2.98008108764 1
1.65704255113 -2.49526961409 1
-2.33511861907 2.02178776772 1
-2.20015005984 -2.28715661586 1
0.418403947616 2.00699016897 1
-0.121288480769 3.85548497337 1
1.77522354702 3.06136497986 1
2.64774409872 3.07794142198 1
1.42807304998 3.53618246235 1
-1.77855005182 0.192518798408 0
-1.95303154413 3.70837551649 1
-1.74962593992 -2.42189162487 1
-2.31531176041 -0.0832595010521 1
3.12969869576 2.6835645802 1
-1.68961795692 1.34748935484 1
3.85382665755 -2.74529441 1
-0.156329446758 -0.0500964682612 0
-0.628576894316 -2.29663778292 1
3.09998686166 2.69496913474 1
-3.76166036217 -3.98318039913 1
-1.60106805018 1.95298481199 1
1.58752479872 1.12559025802 1
-2.30112468347 -3.76243687575 1
2.89925669044 -3.92884917783 1
1.71003630943 -3.0295997934 1
-2.64541923825 1.81377948257 1
3.29365833919 -1.18207269462 1
2.11866127086 -2.83362965048 1
-2.87930600201 -1.2047755785 1
1.35167651308 -2.28191688491 1
-2.5972992858 -2.58052677411 1
0.0418547198695 1.91164372826 1
-0.367682819597 -3.47922060024 1
-0.231972687195 -1.09091102387 1
-2.93366145035 -0.217195626579 1
-3.19956653018 0.055095945176 1
-3.72611837069 2.28342801814 1
2.35908229254 2.93844281683 1
2.18956564388 -3.15230575007 1
2.79807916307 2.23102030084 1
-1.26250595251 -2.29000619521 1
-3.08434532376 0.67016329745 1
3.85594768574 -0.103159703629 1
-2.73429273354 2.6214998233 1
3.70735004231 -3.53240349668 1
-3.748505833 3.69609358079 1
2.55053077136 -1.5187479219 1
-3.35830496552 2.88949689425 1
-1.8421822022 0.410202178377 1
-3.03210506554 -3.01375846324 1
-3.8314328837 2.54913978638 1
-0.537811437183 2.57538345042 1
-3.91134352817 0.347364139879 1
-0.606303504788 -3.89746418494 1
-3.10574333809 -0.918500476965 1
2.09119797572 2.10563081783 1
-1.75828389542 -1.12428302314 1
-0.471303327703 -0.890077918005 0
-3.38009097576 2.10240198084 1
-3.39956825628 -3.75034245321 1
2.31425594506 -1.48622197589 1
-2.27196681981 2.85357668419 1
-2.72671386816 -2.64865415416 1
0.711465242459 1.95289513794 1
-2.07174845114 -1.43787305556 1
2.44166064078 2.95575499911 1
-1.29040033282 -3.95471264021 1
-2.85161879335 -1.69685196519 1
1.28205806389 2.35128854581 1
1.58153069058 2.5668812168 1
-0.374669563627 -2.41852140387 1
0.592863742334 -2.7736788599 1
2.3895400609 1.39084683821 1
-1.21019677801 2.66636314474 1
2.72346312585 0.389721472888 1
-1.33771483489 -2.11569871873 1
-1.19970502228 2.77114315062 1
0.74481669331 -2.1572961676 1
3.8903321802 2.12655754989 1
-1.86752869174 0.360178345525 1
2.1452387995 2.50580293762 1
0.730387092152 0.105514843085 0
-2.70326214242 -1.95163664607 1
1.45958071896 -2.73204963395 1
-3.59682447105 0.169222131172 1
-1.27105472228 -0.986479882012 1
2.04544886126 -3.01562506967 1
3.01053128021 1.84386954658 1
-3.66641232087 -3.67448675682 1
0.287820013703 3.92442284728 1
3.50141378121 -3.54634012979 1
-2.11398281688 0.95756893461 1
-2.43471266909 -0.27127460291 1
0.30400616486 -1.60333164355 1
-1.2806411049 2.33274066067 1
1.80590938005 3.41157554386 1
2.37297209324 3.74261465667 1
2.99384883348 0.871566592391 1
-2.62005404137 -3.79997328427 1
-1.54741420324 2.58913466392 1
-1.54476272068 -0.110963045534 0
-2.93321750151 -1.49330604352 1
2.13787567421 -2.53068205907 1
3.31341289189 -1.25059564598 1
-1.47580544415 -0.196416910454 0
1.8092131476 3.99027383311 1
0.384026029113 2.99633797637 1
3.62912102217 -2.2435006999 1
-0.615612371313 -0.376546877969 0
-1.97404224915 -1.30688404503 1
-2.25714866417 3.95499938792 1
-1.78005973867 1.71202787196 1
2.93765976659 -0.304098849445 1
-0.342386664346 -1.31485775643 1
-2.06218718168 -3.42554805075 1
3.5573956739 2.215421157 1
2.83590073331 3.4558509216 1
1.87063437218 3.80290327148 1
-3.55385475351 3.33204346661 1
0.72744517203 -1.45413298047 1
-3.52315973081 -1.03136178915 1
3.29808983304 -1.78751014778 1
-2.15030840133 0.616149370378 1
1.03473390583 2.19541599252 1
1.13848305744 0.0472171527565 0
-3.87847309033 3.01754493225 1
-2.39529333008 2.32401590182 1
3.82262805971 -0.53958305846 1
-2.46456269218 2.81546405475 1
3.62522895455 -2.72296560526 1
0.763679045383 -3.16776028487 1
3.94420594325 2.78856504136 1
0.201173074316 -2.64723901296 1
-2.37379772168 -1.33997046632 1
2.60331766776 3.36206064926 1
1.49397822747 0.197927772678 0
2.13473547543 -0.574420007427 1
1.99908881765 0.0110945357469 0
-3.45365042247 0.247345146048 1
3.85932110781 -0.794037842373 1
-3.50744800961 1.5702294734 1
-1.54362428085 -1.59241189498 1
-1.97971147823 -3.29790632748 1
3.18230926149 1.59125132963 1
0.683684682239 2.71772133355 1
0.870431090026 0.259297178151 0
0.206256651094 1.38057396873 1
1.83045038215 3.92142909419 1
0.205814887762 1.21471788667 1
0.90439624195 -0.980812732934 1
-2.7135384651 -3.92957289146 1
-1.98837829263 -0.920578672228 1
0.429034332042 -1.16075665042 1
2.45389081671 -3.5445100073 1
0.303482175088 1.42085552856 1
-0.63402628919 -2.18613466326 1
2.33923998076 3.84125009652 1
0.741475060003 1.37251897958 1
-0.823207463973 1.53888910272 1
-0.649185897931 -0.048641425693 0
-0.32561110072 2.83636607803 1
-2.85361155585 0.98587170093 1
2.50535090903 0.902461267406 1
1.98066391684 -2.46480791839 1
2.23927385389 -1.22993974632 1
-0.473195468874 -2.09706436074 1
3.38393895131 2.90677399294 1
-3.554343562 -3.17095698882 1
3.97603549612 -3.49095474966 1
-0.240139237042 3.0581935029 1
-3.69268431693 3.75142831837 1
-3.65546619576 -1.73648444067 1
-0.131025753441 2.27169740168 1
1.87460467524 -3.50407848761 1
-2.5702727057 -2.03520174954 1
-1.51616435736 -0.627599618048 0
3.15216824076 2.20506925938 1
-1.64234015643 3.6520747621 1
1.0837583846 -0.379495628462 0
-1.26385256548 -0.192423747025 0
0.970836124005 3.66561687196 1
-2.4798133708 -3.8502337978 1
-3.33127465814 0.484753696579 1
3.95934073636 -2.00728527427 1
3.30909528178 2.71413002019 1
-1.37743692322 0.130830176114 0
-0.850931930777 -1.8804938849 1
-2.1145364041 0.704779736941 1
3.42568896329 -3.41391061599 1
3.09109920234 -3.664924284 1
-2.39452495779 -3.58256946139 1
3.70701681078 -3.32482347502 1
1.48792615511 3.57028574461 1
-2.33558545063 1.77425560171 1
0.710877519692 3.12394940699 1
3.43011255938 -0.236915645039 1
2.54004949489 -0.697715649059 1
0.334032126058 2.05549973928 1
-0.519357979432 3.68045357077 1
-1.9671764897 -1.90267022224 1
2.55222230799 -0.223368850712 1
0.531870567157 -1.25657434918 1
-3.28041052808 1.85045699808 1
-0.570473174741 2.43472158077 1
-1.4731061635 -0.426247974253 0
1.23167133057 1.0396264883 1
3.86584304419 3.90211169354 1
-0.149646174663 0.232629378004 0
-2.34593128567 1.28568081481 1
-3.85944684277 1.20103288837 1
3.04752446896 1.24476853878 1
-1.85576509526 3.63817321213 1
1.7135676793 0.232139286337 0
1.8164783476 -0.553452942837 1
-1.49602976578 -1.47144142293 1
0.782632226315 -1.28928339598 1
3.34861351401 3.28613130843 1
1.46638278459 -1.24690556254 1
1.18667084353 1.15645676887 1
2.42721400085 -0.802852074482 1
2.39400567518 1.22191633053 1
-0.837054208713 0.524458727914 0
-3.38661132395 2.77684769758 1
